0.2,879.984
0.3,999.936
0.4,1000.05
0.5,999.936
0.6,1000.05
0.7,999.936
0.8,1000.05
0.9,1000.05
1,999.936
1.1,1000.05
1.2,999.936
1.3,1000.05
1.4,999.936
1.5,1000.05
1.6,1000.05
1.7,999.936
1.8,1000.05
1.9,999.936
2,1000.05
2.1,999.936
2.2,1000.05
2.3,1000.05
2.4,999.936
2.5,1000.05
2.6,999.936
2.7,1000.05
2.8,999.936
2.9,1000.05
3,1000.05
3.1,999.936
3.2,1000.05
3.3,999.936
3.4,1000.05
3.5,999.936
3.6,1000.05
3.7,1020.32
3.8,999.936
3.9,1000.05
4,999.936
4.1,1000.05
4.2,999.936
4.3,1000.05
4.4,1000.05
4.5,999.936
4.6,1000.05
4.7,999.936
4.8,1000.05
4.9,999.936
5,1000.05
5.1,1000.05
5.2,999.936
5.3,1000.05
5.4,1053.81
5.5,1000.05
5.6,999.936
5.7,1000.05
5.8,1000.05
5.9,999.936
6,1000.05
6.1,999.936
6.2,1000.05
6.3,999.936
6.4,1000.05
6.5,999.04
6.6,1085.17
6.7,1000.72
6.8,999.936
6.9,1000.05
7,999.936
7.1,1000.05
7.2,1000.05
7.3,999.936
7.4,1000.05
7.5,999.936
7.6,1000.05
7.7,999.936
7.8,1000.05
7.9,1000.05
8,999.936
8.1,1000.05
8.2,999.936
8.3,1000.05
8.4,999.936
8.5,1000.05
8.6,1000.05
8.7,999.936
8.8,1000.05
8.9,999.936
9,1000.05
9.1,999.936
9.2,1000.05
9.3,1000.05
9.4,999.936
9.5,1000.05
9.6,999.936
9.7,1000.05
9.8,999.936
9.9,1000.05
10,1000.05
10.1,999.936
10.2,1000.05
10.3,999.936
10.4,1000.05
10.5,999.936
10.6,1000.05
10.7,1000.05
10.8,999.936
10.9,1000.05
11,999.936
11.1,1000.05
11.2,999.936
11.3,1000.05
11.4,1000.05
11.5,999.936
11.6,1000.05
11.7,999.936
11.8,1000.05
11.9,999.936
12,1000.05
12.1,1000.05
12.2,999.936
12.3,1000.05
12.4,999.936
12.5,1000.05
12.6,999.936
12.7,1000.05
12.8,1000.05
12.9,999.936
13,1000.05
13.1,999.936
13.2,1000.05
13.3,999.936
13.4,1000.05
13.5,1000.05
13.6,999.936
13.7,1000.05
13.8,999.936
13.9,1000.05
14,999.936
14.1,1000.05
14.2,1000.05
14.3,999.936
14.4,818.048
14.5,1121.34
14.6,1090.99
14.7,999.936
14.8,1000.05
14.9,1000.05
15,999.936
15.1,1000.05
15.2,999.936
15.3,1103.65
15.4,999.936
15.5,1000.05
15.6,1000.05
15.7,999.936
15.8,1000.05
15.9,999.936
16,1000.05
16.1,999.936
16.2,1000.05
16.3,1000.05
16.4,999.936
16.5,1044.29
16.6,999.936
16.7,1000.05
16.8,999.936
16.9,1000.05
17,1000.05
17.1,999.936
17.2,1000.05
17.3,999.936
17.4,1000.05
17.5,999.936
17.6,1000.05
17.7,1000.05
17.8,999.936
17.9,1000.05
18,999.936
18.1,1000.05
18.2,999.936
18.3,1000.05
18.4,1000.05
18.5,999.936
18.6,751.296
18.7,829.584
18.8,811.216
18.9,699.776
19,751.632
19.1,709.184
19.2,579.264
19.3,572.32
19.4,603.904
19.5,635.04
19.6,654.192
19.7,674.464
19.8,648.704
19.9,699.216
20,488.096
20.1,511.392
20.2,493.696
20.3,478.576
20.4,481.376
20.5,487.2
20.6,352.576
20.7,446.32
20.8,487.872
20.9,487.088
21,505.904
21.1,502.208
21.2,487.088
21.3,427.728
21.4,335.888
21.5,418.544
21.6,478.688
21.7,474.208
21.8,532.56
21.9,791.616
22,1328.54
22.1,2261.73
22.2,999.936
22.3,1000.05
22.4,999.936
22.5,1000.05
22.6,1000.05
22.7,999.936
22.8,1000.05
22.9,999.936
23,1000.05
23.1,999.936
23.2,1000.05
23.3,1000.05
23.4,999.936
23.5,1000.05
23.6,999.936
23.7,1000.05
23.8,999.936
23.9,1000.05
24,1000.05
24.1,1072.18
24.2,1000.05
24.3,999.936
24.4,1000.05
24.5,999.936
24.6,1000.05
24.7,1000.05
24.8,999.936
24.9,1000.05
25,999.936
25.1,1000.05
25.2,999.936
25.3,998.032
25.4,1002.06
25.5,999.936
25.6,1007.33
25.7,1096.14
25.8,1000.05
25.9,999.936
26,1000.05
26.1,1000.05
26.2,1020.1
26.3,1000.05
26.4,999.936
26.5,1000.05
26.6,999.936
26.7,1000.05
26.8,1000.05
26.9,999.936
27,1000.05
27.1,999.936
27.2,1000.05
27.3,999.936
27.4,1000.05
27.5,1000.05
27.6,999.936
27.7,1000.05
27.8,999.936
27.9,1000.05
28,999.936
28.1,1000.05
28.2,1000.05
28.3,999.936
28.4,1000.05
28.5,999.936
28.6,1000.05
28.7,999.936
28.8,1000.05
28.9,1000.05
29,999.936
29.1,1000.05
29.2,999.936
29.3,1000.05
29.4,999.936
29.5,1000.05
29.6,1000.05
29.7,999.936
29.8,1000.05
29.9,999.936
30,1000.05
30.1,999.936
30.2,1000.05
30.3,1000.05
30.4,999.936
30.5,1000.05
30.6,999.936
30.7,1000.05
30.8,999.936
30.9,1000.05
31,1000.05
31.1,999.936
31.2,1000.05
31.3,999.936
31.4,1000.05
31.5,999.936
31.6,1000.05
31.7,1000.05
31.8,999.936
31.9,1000.05
32,999.936
32.1,1000.05
32.2,999.936
32.3,1000.05
32.4,1000.05
32.5,999.936
32.6,1000.05
32.7,999.936
32.8,1000.05
32.9,999.936
33,1000.05
33.1,1000.05
33.2,999.936
33.3,1000.05
33.4,999.936
33.5,1000.05
33.6,999.936
33.7,1000.05
33.8,1000.05
33.9,999.936
34,1000.05
34.1,841.008
34.2,585.872
34.3,609.056
34.4,487.312
34.5,310.8
34.6,2.128
34.7,146.832
34.8,136.528
34.9,326.816
35,379.344
35.1,486.416
35.2,848.288
35.3,1070.05
35.4,1368.3
35.5,1374.02
35.6,1581.22
35.7,1243.65
35.8,1005.31
35.9,1000.38
36,999.936
36.1,1000.05
36.2,999.936
36.3,1000.05
36.4,999.936
36.5,1000.05
36.6,1000.05
36.7,999.936
36.8,1000.05
36.9,999.936
37,1000.05
37.1,999.936
37.2,1000.05
37.3,1000.05
37.4,863.072
37.5,1001.62
37.6,819.504
37.7,820.176
37.8,884.576
37.9,849.744
38,673.232
38.1,490.784
38.2,361.872
38.3,281.792
38.4,247.968
38.5,266.224
38.6,153.216
38.7,5.712
38.8,0
38.9,0
39,0
39.1,0
39.2,0
39.3,125.216
39.4,209.44
39.5,331.296
39.6,486.304
39.7,487.2
39.8,487.2
39.9,487.088
40,499.072
40.1,579.264
40.2,806.288
40.3,722.624
40.4,819.728
40.5,1052.91
40.6,1062.99
40.7,827.792
40.8,889.504
40.9,1215.2
41,1330.67
41.1,1275.9
41.2,1323.62
