1.2068 1 1 2 3
1.4551 1 1 3 4
2.0453 1 1 4 2
2.2233 1 2 2 4
2.4896 1 2 4 5
2.7874 1 1 5 4
3.8126 1 3 4 5
4.1239 1 2 5 4
4.211 1 4 4 5
4.3046 1 3 5 4
5.7133 1 5 4 5
6.981 1 4 5 3
8.50579 1 2 3 4
8.7285 1 6 4 2
9.0098 1 3 2 4
9.6218 1 7 4 3
11.2123 1 3 3 2
11.3908 1 4 2 4
11.6725 1 8 4 2
11.8208 1 5 2 4
11.8634 1 9 4 2
13.001 1 6 2 5
13.2942 1 5 5 2
16.3101 1 7 2 5
16.4369 1 6 5 2
16.9618 1 8 2 5
17.3761 1 7 5 2
18.027 1 9 2 5
18.1223 1 8 5 2
18.2673 1 10 2 5
19.1953 1 9 5 2
19.2631 1 11 2 5
19.409 1 10 5 4
20.7546 1 10 4 3
23.9108 1 4 3 4
24.2298 1 11 4 2
24.3929 1 12 2 3
24.6857 1 5 3 4
24.7878 1 12 4 3
25.0385 1 6 3 4
25.0503 1 13 4 3
25.5197 1 7 3 2
25.7094 1 13 2 3
29.4161 1 8 3 5
31.1108 1 11 5 3
31.3816 1 9 3 4
32.1411 1 14 4 2
32.2734 1 14 2 4
33.3674 1 15 4 3
33.5957 1 10 3 4
35.0102 1 16 4 3
35.9978 1 11 3 4
36.7466 1 17 4 3
36.9238 1 12 3 4
37.672 1 18 4 3
38.1445 1 13 3 4
38.3644 1 19 4 5
38.7015 1 12 5 4
