1.207 1 1 3
1.4553 1 1 4
2.0455 1 2 2
2.2235 1 2 4
2.4898 1 1 5
2.7876 1 3 4
3.8128 1 2 5
4.1241 1 4 4
4.2112 1 3 5
4.3048 1 5 4
5.7135 1 4 5
6.9812 1 2 3
8.506 1 6 4
8.7287 1 3 2
9.01 1 7 4
9.622 1 3 3
11.2125 1 4 2
11.391 1 8 4
11.6727 1 5 2
11.821 1 9 4
11.8636 1 6 2
13.0012 1 5 5
13.2944 1 7 2
16.3103 1 6 5
16.4371 1 8 2
16.962 1 7 5
17.3763 1 9 2
18.0272 1 8 5
18.1225 1 10 2
18.2675 1 9 5
19.1955 1 11 2
19.2633 1 10 5
19.4092 1 10 4
20.7548 1 4 3
23.911 1 11 4
24.23 1 12 2
24.3931 1 5 3
24.6859 1 12 4
24.788 1 6 3
25.0387 1 13 4
25.0505 1 7 3
25.5199 1 13 2
25.7096 1 8 3
29.4163 1 11 5
31.111 1 9 3
31.3818 1 14 4
32.1413 1 14 2
32.2736 1 15 4
33.3676 1 10 3
33.5959 1 16 4
35.0104 1 11 3
35.998 1 17 4
36.7468 1 12 3
36.924 1 18 4
37.6722 1 13 3
38.1447 1 19 4
38.3646 1 12 5
38.7017 1 20 4
