1.3495 1 1 3
1.9344 1 1 4
5.6348 1 1 5
6.1583 1 2 4
10.5649 1 2 3
11.0853 1 2 2
11.796 1 3 4
12.1596 1 3 2
12.7231 1 4 4
13.4475 1 4 2
13.9311 1 2 5
14.5667 1 5 2
15.1687 1 3 5
15.4473 1 5 4
15.614 1 6 2
17.2722 1 4 5
17.5179 1 3 3
19.5596 1 6 4
19.804 1 4 3
20.1234 1 7 4
21.6197 1 5 3
22.6046 1 7 2
22.9767 1 6 3
24.2941 1 8 2
25.1386 1 7 3
25.7636 1 5 5
26.4429 1 8 3
28.9976 1 6 5
29.4154 1 8 4
29.9896 1 7 5
30.228 1 9 4
32.9363 1 9 3
33.5536 1 10 4
33.8375 1 10 3
35.6043 1 11 4
36.422 1 11 3
37.3258 1 8 5
37.6079 1 12 4
