1.3493 1 1 2 3
1.9342 1 1 3 4
5.6346 1 1 4 5
6.1581 1 1 5 4
10.5647 1 2 4 3
11.0851 1 2 3 2
11.7958 1 2 2 4
12.1594 1 3 4 2
12.7229 1 3 2 4
13.4473 1 4 4 2
13.9309 1 4 2 5
14.5665 1 2 5 2
15.1685 1 5 2 5
15.4471 1 3 5 4
15.6138 1 5 4 2
17.272 1 6 2 5
17.5177 1 4 5 3
19.5594 1 3 3 4
19.8037 1 6 4 3
20.1232 1 4 3 4
21.6195 1 7 4 3
22.6044 1 5 3 2
22.9765 1 7 2 3
24.2939 1 6 3 2
25.1384 1 8 2 3
25.7634 1 7 3 5
26.4427 1 5 5 3
28.9974 1 8 3 5
29.4151 1 6 5 4
29.9894 1 8 4 5
30.2278 1 7 5 4
32.9361 1 9 4 3
33.5534 1 9 3 4
33.8373 1 10 4 3
35.6041 1 10 3 4
36.4218 1 11 4 3
37.3256 1 11 3 5
37.6077 1 8 5 4
