1.3973 1 1 2 3
2.5697 1 1 3 4
3.0941 1 1 4 3
3.4137 1 2 3 4
8.3902 1 2 4 5
8.9214 1 1 5 2
9.7258 1 2 2 3
11.6183 1 3 3 2
12.0383 1 3 2 5
12.2735 1 2 5 2
13.3773 1 4 2 4
14.0062 1 3 4 2
15.8858 1 5 2 4
16.4376 1 4 4 2
16.7024 1 6 2 4
18.7255 1 5 4 5
18.9328 1 3 5 3
19.705 1 4 3 4
20.6958 1 6 4 5
22.062 1 4 5 2
23.2718 1 7 2 3
24.3108 1 5 3 4
25.9758 1 7 4 3
26.1919 1 6 3 2
26.79 1 8 2 3
28.9112 1 7 3 4
29.7175 1 8 4 5
34.2722 1 5 5 3
35.2209 1 8 3 2
35.5696 1 9 2 4
36.7419 1 9 4 3
38.6935 1 9 3 5
