0.2,879.984
0.3,999.936
0.4,1000.05
0.5,999.936
0.6,1000.05
0.7,999.936
0.8,1000.05
0.9,1000.05
1,999.936
1.1,1000.05
1.2,999.936
1.3,1000.05
1.4,999.936
1.5,1000.05
1.6,1000.05
1.7,999.936
1.8,1000.05
1.9,999.936
2,1000.05
2.1,999.936
2.2,1000.05
2.3,1000.05
2.4,999.936
2.5,1000.05
2.6,999.936
2.7,1000.05
2.8,999.936
2.9,1000.05
3,1000.05
3.1,999.936
3.2,1000.05
3.3,999.936
3.4,1000.05
3.5,999.936
3.6,1060.3
3.7,997.024
3.8,1002.96
3.9,1000.05
4,999.936
4.1,1000.05
4.2,999.936
4.3,1000.05
4.4,1000.05
4.5,999.936
4.6,1000.05
4.7,999.936
4.8,1000.05
4.9,999.936
5,1000.05
5.1,1000.05
5.2,999.936
5.3,1000.05
5.4,1017.74
5.5,1000.05
5.6,999.936
5.7,1000.05
5.8,1000.05
5.9,999.936
6,1000.05
6.1,999.936
6.2,1000.05
6.3,999.936
6.4,1000.05
6.5,1000.05
6.6,999.936
6.7,1000.05
6.8,1037.01
6.9,1005.87
7,999.936
7.1,1000.05
7.2,1000.05
7.3,999.936
7.4,1000.05
7.5,999.936
7.6,1000.05
7.7,999.936
7.8,1000.05
7.9,1000.05
8,999.936
8.1,1000.05
8.2,999.936
8.3,1000.05
8.4,999.936
8.5,1000.05
8.6,1000.05
8.7,996.912
8.8,1003.07
8.9,999.936
9,1000.05
9.1,999.936
9.2,1000.05
9.3,1000.05
9.4,999.936
9.5,1000.05
9.6,999.936
9.7,1000.05
9.8,999.936
9.9,1000.05
10,1000.05
10.1,999.936
10.2,1000.05
10.3,999.936
10.4,1000.05
10.5,999.936
10.6,1000.05
10.7,1000.05
10.8,999.936
10.9,1000.05
11,999.936
11.1,1000.05
11.2,999.936
11.3,1000.05
11.4,1000.05
11.5,999.936
11.6,1000.05
11.7,999.936
11.8,1000.05
11.9,999.936
12,1000.05
12.1,1000.05
12.2,999.936
12.3,1000.05
12.4,999.936
12.5,1000.05
12.6,999.936
12.7,1000.05
12.8,1000.05
12.9,999.936
13,1000.05
13.1,999.936
13.2,1000.05
13.3,999.936
13.4,1000.05
13.5,1000.05
13.6,999.936
13.7,998.032
13.8,1001.95
13.9,1000.05
14,999.936
14.1,1000.05
14.2,909.552
14.3,1194.93
14.4,1000.05
14.5,999.936
14.6,1000.05
14.7,999.936
14.8,985.712
14.9,1014.38
15,999.936
15.1,1000.05
15.2,999.936
15.3,1000.05
15.4,994.784
15.5,978.096
15.6,1117.2
15.7,999.936
15.8,1000.05
15.9,999.936
16,1000.05
16.1,999.936
16.2,1000.05
16.3,1000.05
16.4,1040.82
16.5,1000.05
16.6,999.936
16.7,1000.05
16.8,999.936
16.9,1000.05
17,1000.05
17.1,999.936
17.2,1000.05
17.3,999.936
17.4,1000.05
17.5,999.936
17.6,1000.05
17.7,1000.05
17.8,999.936
17.9,1000.05
18,999.936
18.1,1000.05
18.2,999.936
18.3,1000.05
18.4,1000.05
18.5,999.936
18.6,1000.05
18.7,999.936
18.8,1000.05
18.9,999.936
19,1000.05
19.1,1000.05
19.2,999.936
19.3,1000.05
19.4,999.936
19.5,1000.05
19.6,999.936
19.7,1000.05
19.8,1000.05
19.9,999.936
20,1000.05
20.1,999.936
20.2,1000.05
20.3,999.936
20.4,1000.05
20.5,1000.05
20.6,999.936
20.7,1000.05
20.8,999.936
20.9,1000.05
21,999.936
21.1,1000.05
21.2,1000.05
21.3,999.936
21.4,1000.05
21.5,999.936
21.6,1000.05
21.7,999.936
21.8,1000.05
21.9,1000.05
22,999.936
22.1,1000.05
22.2,999.936
22.3,1000.05
22.4,999.936
22.5,1000.05
22.6,1000.05
22.7,999.936
22.8,1000.05
22.9,999.936
23,1000.05
23.1,999.936
23.2,1000.05
23.3,1000.05
23.4,999.936
23.5,1000.05
23.6,999.936
23.7,1000.05
23.8,999.936
23.9,1000.05
24,1000.05
24.1,999.936
24.2,1000.05
24.3,999.936
24.4,868.448
24.5,480.704
24.6,1302.56
24.7,1321.04
24.8,1061.09
24.9,997.024
25,997.696
25.1,1005.31
25.2,896.784
25.3,802.48
25.4,257.936
25.5,1238.27
25.6,1520.29
25.7,1317.01
25.8,1000.05
25.9,999.936
26,1000.05
26.1,1000.05
26.2,999.936
26.3,1000.05
26.4,999.936
26.5,1000.05
26.6,999.936
26.7,1000.05
26.8,1000.05
26.9,999.936
27,1000.05
27.1,999.936
27.2,1000.05
27.3,772.24
27.4,1337.73
27.5,1000.05
27.6,999.936
27.7,1000.05
27.8,999.936
27.9,1000.05
28,999.936
28.1,1000.05
28.2,1000.05
28.3,999.936
28.4,1000.05
28.5,999.936
28.6,1000.05
28.7,999.936
28.8,1000.05
28.9,1000.05
29,999.936
29.1,1000.05
29.2,999.936
29.3,1000.05
29.4,999.936
29.5,1000.05
29.6,1000.05
29.7,999.936
29.8,1000.05
29.9,999.936
30,1000.05
30.1,999.936
30.2,1000.05
30.3,1000.05
30.4,999.936
30.5,1000.05
30.6,999.936
30.7,1000.05
30.8,999.936
30.9,1000.05
31,1000.05
31.1,999.936
31.2,1000.05
31.3,999.936
31.4,1000.05
31.5,999.936
31.6,1000.05
31.7,1000.05
31.8,999.936
31.9,1000.05
32,999.936
32.1,1000.05
32.2,999.936
32.3,1000.05
32.4,1000.05
32.5,999.936
32.6,1000.05
32.7,999.936
32.8,1000.05
32.9,999.936
33,1000.05
33.1,1000.05
33.2,999.936
33.3,1000.05
33.4,999.936
33.5,1000.05
33.6,999.936
33.7,1000.05
33.8,1000.05
33.9,999.936
34,1000.05
34.1,999.936
34.2,1000.05
34.3,999.936
34.4,818.608
34.5,480.368
34.6,827.68
34.7,588.112
34.8,737.968
34.9,773.92
35,908.88
35.1,951.328
35.2,818.048
35.3,820.288
35.4,771.568
35.5,494.368
35.6,576.464
35.7,1147.44
35.8,1067.58
35.9,1063.78
36,1027.71
36.1,827.456
36.2,1014.16
36.3,1063.66
36.4,1094.02
36.5,1330.9
36.6,1571.36
36.7,1430.91
36.8,1000.05
36.9,999.936
37,1000.05
37.1,999.936
37.2,1000.05
37.3,1000.05
37.4,999.936
37.5,1000.05
37.6,999.936
37.7,1000.05
37.8,999.936
37.9,937.776
38,723.744
38.1,410.368
38.2,1060.64
38.3,1064.11
38.4,1048.1
38.5,1071.84
38.6,1293.82
38.7,1330.45
38.8,1095.92
38.9,1000.05
39,999.936
39.1,1000.05
39.2,999.936
39.3,1000.05
39.4,1000.05
39.5,999.936
39.6,1000.05
39.7,999.936
39.8,1008.9
39.9,999.936
40,992.992
40.1,1007.1
40.2,677.936
40.3,1254.96
40.4,856.016
40.5,1104.99
40.6,1106
40.7,1000.05
40.8,821.632
40.9,1178.35
41,309.008
41.1,1690.98
41.2,1000.05
41.3,457.968
41.4,1369.98
41.5,1172.08
41.6,999.936
41.7,838.992
41.8,1045.74
41.9,1115.3
42,999.936
42.1,1000.05
42.2,918.96
42.3,1081.02
42.4,1000.05
42.5,999.936
42.6,1000.05
42.7,999.936
42.8,1000.05
42.9,1000.05
43,999.936
43.1,1000.05
43.2,999.936
43.3,803.04
43.4,1196.94
43.5,1000.05
43.6,1000.05
43.7,999.936
43.8,1000.05
43.9,857.92
44,1142.06
44.1,890.512
44.2,50.176
44.3,583.632
44.4,937.888
44.5,820.064
44.6,672.448
44.7,730.912
44.8,785.008
44.9,659.456
45,487.088
45.1,495.152
45.2,574.112
45.3,578.592
45.4,487.088
45.5,489.44
45.6,627.648
45.7,940.24
45.8,1096.26
45.9,1405.6
46,1361.81
46.1,1143.07
46.2,1296.85
46.3,1330.56
46.4,1005.76
46.5,999.936
46.6,1000.05
46.7,999.936
46.8,1000.05
46.9,999.936
47,1000.05
47.1,1000.05
47.2,999.936
47.3,1000.05
47.4,1077.66
47.5,1026.26
47.6,999.936
47.7,1000.05
47.8,1000.05
47.9,1027.26
48,1059.86
48.1,1011.7
48.2,987.616
48.3,820.288
48.4,924.448
48.5,764.624
48.6,920.528
48.7,764.4
48.8,719.376
48.9,487.312
49,803.488
49.1,819.056
49.2,739.2
49.3,735.168
49.4,767.424
49.5,834.624
49.6,783.44
49.7,782.992
49.8,834.4
49.9,821.184
50,799.008
50.1,860.048
50.2,828.8
50.3,970.928
50.4,1159.87
50.5,1260.67
50.6,1149.9
50.7,1289.46
50.8,1332.13
50.9,1380.62
51,1029.17
51.1,999.936
51.2,1000.05
