0.2,879.984
0.3,999.936
0.4,1000.05
0.5,999.936
0.6,1000.05
0.7,999.936
0.8,1000.05
0.9,1000.05
1,999.936
1.1,1000.05
1.2,999.936
1.3,1000.05
1.4,999.936
1.5,1000.05
1.6,1000.05
1.7,999.936
1.8,1000.05
1.9,999.936
2,1000.05
2.1,999.936
2.2,1000.05
2.3,1000.05
2.4,999.936
2.5,1000.05
2.6,999.936
2.7,1000.05
2.8,999.936
2.9,1000.05
3,1000.05
3.1,999.936
3.2,1000.05
3.3,999.936
3.4,1000.05
3.5,999.936
3.6,1045.18
3.7,1000.05
3.8,999.936
3.9,1000.05
4,998.928
4.1,1001.06
4.2,999.936
4.3,1000.05
4.4,1000.05
4.5,999.936
4.6,1000.05
4.7,999.936
4.8,1000.05
4.9,999.936
5,1000.05
5.1,1000.05
5.2,999.936
5.3,1000.05
5.4,999.936
5.5,1000.05
5.6,999.936
5.7,941.136
5.8,389.984
5.9,0.784
6,96.656
6.1,1273.1
6.2,1294.27
6.3,1065.46
6.4,2027.42
6.5,1025.36
6.6,999.936
6.7,1000.05
6.8,999.936
6.9,1000.05
7,999.936
7.1,1000.05
7.2,1000.05
7.3,999.936
7.4,1000.05
7.5,999.936
7.6,1000.05
7.7,999.936
7.8,1000.05
7.9,1000.05
8,999.936
8.1,1000.05
8.2,999.936
8.3,1000.05
8.4,999.936
8.5,1000.05
8.6,1000.05
8.7,999.936
8.8,1000.05
8.9,999.936
9,1000.05
9.1,999.936
9.2,1000.05
9.3,1000.05
9.4,999.936
9.5,1000.05
9.6,999.936
9.7,1000.05
9.8,999.936
9.9,1000.05
10,1000.05
10.1,999.936
10.2,1000.05
10.3,999.936
10.4,1000.05
10.5,999.936
10.6,1000.05
10.7,1000.05
10.8,999.936
10.9,1000.05
11,999.936
11.1,1000.05
11.2,999.936
11.3,1000.05
11.4,1000.05
11.5,999.936
11.6,1000.05
11.7,999.936
11.8,1000.05
11.9,999.936
12,1000.05
12.1,1000.05
12.2,999.936
12.3,1000.05
12.4,999.936
12.5,1000.05
12.6,999.936
12.7,1000.05
12.8,1000.05
12.9,999.936
13,1000.05
13.1,999.936
13.2,1000.05
13.3,999.936
13.4,1000.05
13.5,1000.05
13.6,999.936
13.7,1000.05
13.8,999.936
13.9,1014.27
14,999.936
14.1,1000.05
14.2,1000.05
14.3,999.936
14.4,1000.05
14.5,999.936
14.6,1000.05
14.7,999.936
14.8,1000.05
14.9,1000.05
15,999.936
15.1,1000.05
15.2,999.936
15.3,1000.05
15.4,999.936
15.5,1000.05
15.6,890.96
15.7,492.576
15.8,458.08
15.9,1190.67
16,1365.62
16.1,1125.49
16.2,1058.18
16.3,826.112
16.4,1047.98
16.5,1689.41
16.6,999.936
16.7,1000.05
16.8,999.936
16.9,1000.05
17,1000.05
17.1,999.936
17.2,1000.05
17.3,999.936
17.4,1000.05
17.5,999.936
17.6,1000.05
17.7,1000.05
17.8,999.936
17.9,1000.05
18,999.936
18.1,1000.05
18.2,999.936
18.3,1000.05
18.4,1000.05
18.5,999.936
18.6,1000.05
18.7,999.936
18.8,1000.05
18.9,999.936
19,1000.05
19.1,1000.05
19.2,999.936
19.3,1000.05
19.4,999.936
19.5,1000.05
19.6,999.936
19.7,1000.05
19.8,1000.05
19.9,999.936
20,1000.05
20.1,999.936
20.2,1000.05
20.3,999.936
20.4,1000.05
20.5,1000.05
20.6,999.936
20.7,1000.05
20.8,999.936
20.9,1000.05
21,999.936
21.1,1000.05
21.2,1000.05
21.3,999.936
21.4,1000.05
21.5,999.936
21.6,1000.05
21.7,999.936
21.8,1000.05
21.9,1000.05
22,999.936
22.1,1000.05
22.2,999.936
22.3,1000.05
22.4,999.936
22.5,1000.05
22.6,1000.05
22.7,999.936
22.8,1000.05
22.9,999.936
23,1000.05
23.1,999.936
23.2,1000.05
23.3,1000.05
23.4,999.936
23.5,1000.05
23.6,999.936
23.7,1000.05
23.8,999.936
23.9,1000.05
24,1000.05
24.1,999.936
24.2,1000.05
24.3,999.936
24.4,968.016
24.5,1135.01
24.6,995.008
24.7,1005.09
24.8,999.936
24.9,978.88
25,937.664
25.1,929.712
25.2,871.472
25.3,680.624
25.4,419.664
25.5,580.496
25.6,1399.55
25.7,1478.62
25.8,1379.5
25.9,1356.32
26,1000.05
26.1,1000.05
26.2,999.936
26.3,995.008
26.4,1004.98
26.5,1000.05
26.6,837.424
26.7,618.24
26.8,631.792
26.9,1828.85
27,1101.41
27.1,999.936
27.2,1000.05
27.3,999.936
27.4,1000.05
27.5,1000.05
27.6,999.936
27.7,1000.05
27.8,999.936
27.9,1000.05
28,999.936
28.1,1000.05
28.2,1000.05
28.3,999.936
28.4,1000.05
28.5,999.936
28.6,1000.05
28.7,999.936
28.8,1000.05
28.9,1000.05
29,999.936
29.1,1000.05
29.2,999.936
29.3,1000.05
29.4,999.936
29.5,1000.05
29.6,1000.05
29.7,999.936
29.8,1000.05
29.9,999.936
30,1000.05
30.1,999.936
30.2,1000.05
30.3,1000.05
30.4,999.936
30.5,1000.05
30.6,999.936
30.7,1000.05
30.8,999.936
30.9,1000.05
31,1000.05
31.1,999.936
31.2,1000.05
31.3,999.936
31.4,1000.05
31.5,999.936
31.6,1000.05
31.7,1000.05
31.8,999.936
31.9,1000.05
32,999.936
32.1,1000.05
32.2,999.936
32.3,1000.05
32.4,1000.05
32.5,999.936
32.6,1000.05
32.7,999.936
32.8,1000.05
32.9,996.016
33,1003.97
33.1,999.04
33.2,1000.94
33.3,1000.05
33.4,999.936
33.5,1000.05
33.6,999.936
33.7,1000.05
33.8,1000.05
33.9,999.936
34,1000.05
34.1,999.936
34.2,1000.05
34.3,849.744
34.4,521.808
34.5,315.84
34.6,62.16
34.7,1126.16
34.8,1205.34
34.9,1190.34
35,1064.34
35.1,1122.58
35.2,1133.33
35.3,1251.38
35.4,1424.42
35.5,1119.1
35.6,1000.05
35.7,999.936
35.8,1000.05
35.9,1000.05
36,999.936
36.1,1000.05
36.2,999.936
36.3,1000.05
36.4,999.936
36.5,997.024
36.6,825.216
36.7,990.416
36.8,1281.95
36.9,999.936
37,1000.05
37.1,999.936
37.2,1000.05
37.3,998.48
37.4,896.224
37.5,915.488
37.6,876.176
37.7,820.624
37.8,687.792
37.9,703.136
38,495.152
38.1,487.088
38.2,151.424
38.3,483.728
38.4,401.744
38.5,342.272
38.6,1200.42
38.7,416.528
38.8,467.488
38.9,564.816
39,571.872
39.1,975.968
39.2,672.56
39.3,723.408
39.4,787.696
39.5,831.152
39.6,818.608
39.7,885.808
39.8,766.864
39.9,812.224
40,751.744
40.1,692.272
40.2,1290.13
40.3,1131.98
40.4,999.488
40.5,896.112
40.6,812.672
40.7,545.44
40.8,487.2
40.9,512.176
41,561.792
41.1,488.768
41.2,692.496
41.3,504.896
41.4,487.088
41.5,479.248
41.6,746.928
41.7,873.152
41.8,966.56
41.9,1064.22
42,1064.11
42.1,1064.45
42.2,1066.02
42.3,948.416
42.4,644.672
42.5,626.416
42.6,578.592
42.7,489.328
42.8,487.312
42.9,98
43,693.616
43.1,1044.62
43.2,1026.03
43.3,910.448
43.4,858.704
43.5,1429.68
43.6,1385.22
43.7,1384.32
43.8,1329.22
43.9,971.152
44,801.248
44.1,1171.41
44.2,1130.19
44.3,1075.54
44.4,999.936
44.5,999.6
44.6,1000.38
44.7,1000.05
44.8,999.936
44.9,1000.05
45,1000.05
45.1,999.936
45.2,1000.05
45.3,999.936
45.4,1000.05
45.5,999.936
45.6,1000.05
45.7,1000.05
45.8,999.936
45.9,1000.05
46,999.936
46.1,1000.05
46.2,999.936
46.3,1000.05
46.4,960.848
46.5,802.032
46.6,754.992
46.7,894.32
46.8,813.904
46.9,700.896
47,997.248
47.1,1289.34
47.2,1330.45
47.3,1329.22
47.4,1147.33
47.5,979.664
47.6,880.208
47.7,527.072
47.8,487.088
47.9,487.2
48,487.2
48.1,465.248
48.2,332.192
48.3,843.472
48.4,763.728
48.5,814.24
48.6,648.144
48.7,539.056
48.8,599.424
48.9,487.2
49,487.2
49.1,487.088
49.2,445.2
49.3,487.088
49.4,372.624
49.5,311.808
49.6,373.52
49.7,528.416
49.8,487.2
49.9,487.088
50,408.016
50.1,347.536
50.2,336
50.3,330.064
50.4,344.848
50.5,336.56
50.6,402.416
50.7,487.088
50.8,514.192
50.9,713.888
51,793.52
51.1,781.536
51.2,847.616
