1.3495 1 1 3
1.7171 1 2 2
1.9442 1 1 4
2.8784 1 1 5
3.0661 1 2 4
5.38 1 2 5
5.7292 1 2 3
6.0038 1 3 5
6.1706 1 3 3
6.514 1 3 4
8.1241 1 4 5
10.0146 1 3 2
10.145 1 4 4
10.3392 1 4 3
11.4067 1 4 2
11.5715 1 5 4
12.478 1 5 5
13.9745 1 5 2
14.1857 1 5 3
14.588 1 6 5
16.9171 1 6 2
17.3502 1 7 5
17.8023 1 6 3
18.2711 1 7 2
19.0837 1 7 3
19.659 1 6 4
20.7627 1 8 3
23.1575 1 8 2
23.735 1 9 3
25.3637 1 9 2
26.2548 1 10 3
27.6732 1 10 2
28.9176 1 11 3
30.0216 1 7 4
32.0769 1 11 2
32.6653 1 8 4
32.9447 1 12 3
36.176 1 9 4
36.8924 1 13 3
37.4157 1 12 2
38.486 1 8 5
38.6477 1 10 4
