1.3493 1 1 2 3
1.7169 1 1 3 2
1.944 1 2 2 4
2.8782 1 1 4 5
3.0659 1 1 5 4
5.3798 1 2 4 5
5.729 1 2 5 3
6.0036 1 2 3 5
6.1704 1 3 5 3
6.5138 1 3 3 4
8.1239 1 3 4 5
10.0144 1 4 5 2
10.1448 1 3 2 4
10.339 1 4 4 3
11.4065 1 4 3 2
11.5713 1 4 2 4
12.4778 1 5 4 5
13.9743 1 5 5 2
14.1855 1 5 2 3
14.5878 1 5 3 5
16.9169 1 6 5 2
17.35 1 6 2 5
17.8021 1 7 5 3
18.2709 1 6 3 2
19.0835 1 7 2 3
19.6588 1 7 3 4
20.7625 1 6 4 3
23.1573 1 8 3 2
23.7348 1 8 2 3
25.3635 1 9 3 2
26.2546 1 9 2 3
27.673 1 10 3 2
28.9174 1 10 2 3
30.0214 1 11 3 4
32.0767 1 7 4 2
32.6651 1 11 2 4
32.9445 1 8 4 3
36.1758 1 12 3 4
36.8922 1 9 4 3
37.4155 1 13 3 2
38.4858 1 12 2 5
38.6475 1 8 5 4
